P1=	1.05e5;% (= 1.05 * 10^5 = 105000)	Pa
P0=	1e5; %(= 1 * 10^5= 100000)	Pa
S_amont=	pi/4*(5e-3)^2;%	m²
S_aval=	pi/4*(5e-3)^2;	%m²
V	=1e-3;%	m3
T1	=373;	%K 
T0	=300;	%K 
Cp	=1000;	%J/kg/K
r	=286.68;	%J/kg/K
Cv	=713;	%J/kg/K
Pinit=	1e5	;%Pa
Tinit =	300;%	K
